18,1
18,0
17,9
17,8
17,7
17,6
17,5
17,4
17,2
16,3
16,2
16,1
16,0
15,4
15,3
15,2
15,1
15,0
14,4
14,3
14,2
14,1
14,0
13,3
13,2
13,1
13,0
12,4
12,3
12,2
12,1
12,0
11,3
11,2
11,1
11,0
10,4
10,3
10,2
10,1
10,0
9,4
9,3
9,2
9,1
9,0
8,5
8,4
8,3
8,2
8,1
8,0
7,4
7,3
7,2
7,1
7,0
6,3
6,2
6,1
6,0
5,3
5,2
5,1
5,0
4,3
4,2
4,1
4,0
3,6
3,5
3,4
3,3
3,2
3,1
3,0
2,9
2,8
2,7
2,6
2,4
2,2
1,2
0,440
0,410
0,322
0,243
1,1
1,3
1,0
20,1
20,3
20,0
2,1
2,5
2,3
2,0
17,1
17,10
17,3
17,0
46,1
46,3
0,403
46,0
0,9
0,310
0,305
0,308
0,304
0,303
0,302
0,307
0,12
0,402
0,10
0,8
0,0
0,439
0,300
0,438
0,299
0,437
0,298
0,436
0,297
0,435
0,296
0,434
0,295
0,433
0,294
0,432
0,293
0,431
0,292
0,430
0,291
0,429
0,290
0,428
0,289
0,427
0,288
0,426
0,287
0,425
0,286
0,424
0,285
0,423
0,284
0,422
0,283
0,421
0,282
0,420
0,281
0,419
0,280
0,418
0,279
0,417
0,278
0,416
0,277
0,415
0,276
0,414
0,275
0,413
0,274
0,412
18,2
18,3
19,1
19,2
20,2
20,4
20,6
21,1
21,2
21,4
22,0
22,2
22,4
23,0
23,2
23,3
24,0
24,1
24,3
24,5
24,6
25,1
25,2
25,4
26,0
26,1
26,3
27,0
27,2
27,3
27,5
28,1
28,2
28,4
29,0
29,2
29,4
30,0
30,2
30,3
30,5
31,0
31,2
31,4
32,0
32,2
32,3
33,1
33,3
34,0
34,2
34,3
35,0
35,2
35,3
36,0
36,1
36,3
37,0
37,2
37,4
38,0
38,2
38,3
38,5
39,1
39,2
40,0
40,1
40,3
41,0
41,2
41,4
42,0
42,2
42,3
42,5
43,1
43,2
43,4
44,0
44,2
44,3
44,5
45,0
45,1
45,3
46,2
47,1
47,3
47,4
48,1
48,2
48,4
49,0
49,1
49,3
50,0
50,2
50,3
51,1
51,3
51,4
52,1
52,2
52,4
53,1
53,2
54,0
54,1
54,3
54,4
55,1
55,3
55,4
56,1
56,2
56,4
57,1
57,2
58,0
58,1
58,3
58,4
59,1
59,3
60,0
60,2
60,3
61,0
61,2
61,3
62,1
62,2
63,0
63,1
63,3
64,1
64,2
65,0
65,1
65,3
66,1
66,2
67,0
67,1
67,3
67,5
68,0
68,2
68,3
69,0
69,1
69,3
69,4
69,2
68,4
68,1
67,4
67,2
66,3
66,0
65,2
64,3
64,0
63,2
62,3
62,0
61,1
60,4
60,1
59,2
59,0
58,2
57,3
57,0
56,3
56,0
55,2
55,0
54,2
53,3
53,0
52,3
52,0
51,2
51,0
50,1
49,2
48,5
48,3
48,0
47,2
47,0
45,2
44,6
44,4
44,1
43,3
43,0
42,4
42,1
41,3
41,1
40,2
39,3
39,0
38,4
38,1
37,3
37,1
36,2
35,4
35,1
34,4
34,1
33,2
33,0
32,1
31,3
31,1
30,4
30,1
29,3
29,1
28,3
28,0
27,4
27,1
26,2
25,5
25,3
25,0
24,4
24,2
23,4
23,1
22,3
22,1
21,3
21,0
20,5
19,3
19,0
0,273
0,411
0,272
0,409
0,271
0,408
0,270
0,407
0,269
0,406
0,268
0,405
0,267
0,404
0,266
0,401
0,265
0,400
0,264
0,399
0,263
0,398
0,262
0,397
0,261
0,396
0,260
0,395
0,259
0,394
0,258
0,393
0,257
0,392
0,256
0,391
0,255
0,390
0,254
0,389
0,253
0,388
0,252
0,387
0,251
0,386
0,250
0,385
0,249
0,384
0,248
0,383
0,247
0,382
0,246
0,381
0,245
0,380
0,244
0,379
0,242
0,378
0,241
0,377
0,240
0,376
0,239
0,375
0,238
0,374
0,237
0,373
0,236
0,372
0,235
0,371
0,234
0,370
0,233
0,369
0,232
0,368
0,231
0,367
0,230
0,366
0,229
0,365
0,228
0,364
0,227
0,363
0,226
0,362
0,225
0,361
0,224
0,360
0,223
0,359
0,222
0,358
0,221
0,357
0,220
0,356
0,219
0,355
0,218
0,354
0,217
0,353
0,216
0,352
0,215
0,351
0,214
0,350
0,213
0,349
0,212
0,348
0,211
0,347
0,210
0,346
0,209
0,345
0,208
0,344
0,207
0,343
0,206
0,342
0,205
0,341
0,204
0,340
0,203
0,339
0,202
0,338
0,201
0,337
0,200
0,336
0,199
0,335
0,198
0,334
0,197
0,333
0,196
0,332
0,195
0,331
0,194
0,330
0,193
0,329
0,192
0,328
0,63
0,327
0,62
0,326
0,61
0,325
0,60
0,324
0,59
0,323
0,58
0,321
0,57
0,320
0,56
0,319
0,55
0,318
0,54
0,317
0,53
0,316
0,52
0,315
0,51
0,314
0,50
0,313
0,49
0,312
0,48
0,311
0,47
0,309
0,46
0,306
0,45
0,301
0,6
0,5
0,1
0,11
0,4
0,2
0,3
0,7
